000897
600963
000755
600223
600103
600716
603128
000632
000514
600796
600619
000913
600098
600249
000011
000717
600192
600096
600230
000606
000570
600209
600731
600789
600279
600293
603167
600841
601872
000593
600590
600095
600883
000731
600070
600581
000687
000607
000040
000638
000408
600865
600829
600463
600278
600390
600199
600830
000025
600798
600692
600438
600239
601558
600527
000610
600802
600706
600306
600615
600385
600898
000045
600133
600178
000639
600152
600233
600353
600490
600090
000796
600396
600409
600726
000554
000037
600213
600812
000430
600367
000620
000551
600228
000158
600556
600371
000409
600833
601599
000918
600480
000828
600630
000014
600318
600231
600203
000985
600503
000070
600592
600856
000733
600730
000005
600725
000925
603399
600980
600063
600826
000752
000906
001896
600135
000868
600775
600117
600819
000662
600566
600149
600695
600605
000559
000078
000738
603308
600661
000698
600237
600372
600683
600781
600106
600769
600888
600215
600476
600076
000599
000695
000923
603010
600686
600890
600248
000757
600684
600243
600268
000670
600889
000792
600666
600523
000532
600629
600493
600206
000009
000909
600283
000039
603088
000026
000797
600814
000723
600636
600843
603788
000524
603998
600857
000701
600760
600468
600054
000971
600288
600299
600862
000821
601216
600623
603688
600158
600391
600501
603678
603616
600571
000768
600587
600559
600570
000967
000589
000591
600354
600339
000509
601199
600828
000595
000048
600387
603799
600189
000710
600577
600326
000419
000576
000960
600072
600604
000901
000560
600328
600405
000732
000637
000062
000018
000965
600130
600638
600536
000056
000023
000584
000506
600975
600287
000017
600721
600834
000626
600815
600961
603318
603018
603636
600818
000819
600120
600316
600086
600058
600552
600606
600481
600704
000050
000555
600768
601368
000880
600679
601100
600990
000004
600262
000058
600783
000779
000948
600583
600777
600415
600603
600892
000936
600992
000705
600088
600677
000798
600784
000785
600510
600078
600973
600083
601808
600809
600513
600662
000628
601996
600218
600757
600696
000721
600800
603006
600234
600593
000953
600455
600562
000613
600302
000838
600227
601898
000404
600343
600680
600855
600893
600701
600300
601515
600647
600861
600678
600847
600184
600382
600200
600653
600198
000893
600758
000410
000504
600579
600776
600774
600787
600171
600599
600871
000736
000727
600622
000021
000151
000920
000856
600161
000791
600521
600107
000411
000020
600129
600530
600626
000029
000666
600006
000615
600156
000702
600257
600222
600148
603003
600313
600532
000951
601007
600165
600119
000981
600981
600193
600764
600640
000952
600877
600965
000751
600456
000547
600667
600479
000833
000803
600853
600766
600543
000831
600506
600876
000950
000505
600370
000561
600173
600093
600375
000722
000859
600713
600255
600393
000523
600500
600359
600179
600505
601968
600432
600428
600448
601890
600616
600688
000573
000529
000537
601002
600491
000617
600620
600112
600791
000088
600698
600749
000715
000060
600960
000536
600084
000851
600307
600744
000885
601218
600751
601919
601113
600658
600707
000159
600399
600125
000043
600225
000795
000533
600026
600822
600400
600746
600711
601058
600331
600727
000596
000753
000548
600538
000759
000993
600232
600052
600425
000973
600162
600982
000760
600651
600821
600483
600712
000428
600321
600281
000544
601866
600008
600794
600502
000032
000922
600648
600100
000886
600282
600082
601918
000426
000762
600868
600665
600880
600128
000594
601333
601886
000609
000692
600114
600724
600718
600846
600891
000603
600546
000036
603558
600336
600108
603589
603729
601579
000605
600423
000657
601339
000931
601801
000801
600611
600322
601137
000681
600210
600668
000663
601118
600272
600573
600329
600723
600311
000980
000546
600057
000780
600077
600610
603030
600235
600804
000678
000301
000970
600080
000888
600208
600714
600756
000682
000968
600850
603598
603066
601616
000601
600649
600275
601038
600305
600650
600081
600421
600266
000800
600360
601799
601519
000816
600738
000809
600236
603100
600118
600459
603116
600195
600770
601028
603979
600851
600596
601717
600621
000767
000633
600055
601116
000915
000571
000978
000619
000420
000552
600838
600397
000099
601518
000597
600863
600368
600496
000565
600517
603009
601000
000949
600345
000530
600005
600475
000627
603008
600250
600207
000507
600995
600580
000910
600979
600059
600433
601233
603019
600056
600439
600533
600613
601168
600420
600675
603268
600624
000553
603808
000829
601636
600259
600201
000899
603222
600467
600831
000852
600873
000010
000511
000065
600985
600810
600765
000652
600229
600836
000977
600881
000955
600598
600618
600560
000987
603020
601566
600545
000585
600180
600363
601600
600839
600159
600495
000807
600797
000417
000911
600220
600027
000153
600773
600820
603588
600529
600470
600185
600160
600126
000636
603099
000531
600508
600190
000802
601008
000498
600435
600381
600845
603199
000962
000988
000905
601985
000877
600101
000713
600825
000908
000837
600740
600022
603869
000635
600736
601101
600537
603366
000712
603703
600292
600466
601888
000612
000822
000860
600132
601005
600073
600051
000680
000027
600976
600612
600452
000830
601177
600550
600824
000930
000916
000028
600548
000957
000616
600803
600449
600380
603126
600267
000912
000976
600401
600732
600710
000155
600444
600247
600608
600348
600779
600091
000590
600962
600242
600071
600163
600733
600715
600265
000510
000815
600182
000059
600327
600069
600301
000659
600539
600644
000557
600389
600984
000927
000611
000735
600691
600782
603806
000061
600151
603686
603883
600895
600378
600270
600971
603123
600511
600639
600635
000096
600897
601798
600497
600844
600168
603969
600578
600742
601225
601999
603001
000937
600197
000958
600993
000789
601992
600594
600123
600512
000811
000875
600854
000521
603901
000069
000902
000777
603002
000935
601699
000825
601001
600516
600588
000156
000883
600485
600708
600816
600567
000031
600280
600169
601700
000089
000651
000966
600488
000661
600121
600792
600188
000983
000728
600509
600157
000823
600988
000667
601677
603669
600285
601222
601016
600697
603828
603618
000525
601989
000401
600747
600386
600007
600323
000407
600671
000568
600970
600362
600116
600705
600251
600271
603158
600284
601015
600874
603818
600987
000338
601012
601777
600739
600373
600115
603015
000997
600017
000999
600403
603315
600038
603333
600379
000718
600012
603718
600037
601188
000006
600469
600693
600969
600176
601567
603168
600187
000042
603227
603368
603698
600582
600477
000598
600748
600023
601011
000725
000572
000969
600183
600252
600020
600418
000629
600308
601010
000756
600458
603000
601111
600602
600609
000806
000917
600848
600478
000793
000790
000799
000539
000534
600869
600860
600867
600866
600395
600398
603118
603111
600139
600137
600136
000517
000519
000518
600074
600807
600806
600110
600113
600568
600569
600565
600356
600355
600358
600175
600172
600689
600681
600682
600687
600540
000778
000558
600753
600155
600153
600526
600520
000716
000711
000820
600645
600763
600319
600312
600310
600053
601908
000737
000592
600335
600330
600338
000693
000691
000697
600191
600745
600290
600291
000861
000863
000862
600767
000671
000672
000673
000676
000677
000679
000416
601003
600719
600273
600277
603898
000882
000881
000887
000889
601633
600879
000655
000650
600482
601021
600735
600734
603077
600258
600122
600654
000982
000630
600561
603555
000963
600238
600589
600778
603939
600771
600212
600211
600217
600978
600790
603017
603011
600641
600643
600099
600094
600097
000007
000008
600634
600408
600614
601877
000022
000024
000903
600333
600515
600676
600446
000786
000782
000788
000526
600872
600870
600652
601388
000066
000068
600461
600462
000502
000503
600817
600793
600105
000748
000564
000566
000567
600075
600346
600699
000766
000761
600576
600575
000818
000810
000813
000545
600366
600365
600146
600145
000150
600555
600558
000708
000709
000707
000700
600416
000839
600303
600531
000720
000586
000587
000850
000990
600061
600986
600186
000878
600167
000688
000683
600702
600289
603885
000890
000892
000090
000665
000669
000668
000403
600499
600728
600722
600260
601608
001696
000429
000425
600240
603456
600900
000995
000996
000622
600226
600595
601311
601313
000543
000812
600967
000972
000979
000608
601789
600202
000016
603766
600410
600419
000959
600487
600886
600882
000034
000035
000038
000933
000932
603518
600750
000516
603600
603021
000563
000685
600340
600309
601208
000898
600256
600997
600029
600600
000703
000413
601965
000055
600875
600673
603609
601258
600759
600664
603568
601958
600216
600033
600031
600150
000541
601238
601969
600859
601179
000157
000538
600551
601107
600269
600325
000989
000528
603328
603601
600361
600377
000929
000400
601928
600528
000421
601880
600519
000581
600068
601718
600835
600754
600388
603108
600060
603005
600320
000758
603997
600166
600703
000895
600141
600983
601126
600143
000858
600966
600460
603567
600729
600221
600795
603988
000415
600642
000961
601226
000739
601369
601727
600785
601231
601018
000402
603169
603309
600009
000919
600741
000719
600035
601991
600436
601588
000625
000998
600406
600011
600062
600557
600332
000928
600317
600633
600563
600586
600131
601669
600628
600827
601666
603012
000488
000938
600694
600601
000836
600295
600066
600392
000826
600422
600109
000729
600597
601069
000423
600085
600489
600196
000540
600170
600549
603566
601106
000869
000063
601117
600138
000046
601099
600547
600177
000422
601607
603889
603611
600896
600352
000012
000100
600127
000623
603198
600660
601139
601555
603699
603023
601618
000926
601678
600351
600276
600535
603022
600663
603599
600019
603338
600429
603025
600004
600674
601899
600111
000049
603369
601318
600917
600572
601006
000333
600350
600743
601689
600737
600805
601198
601766
600079
000686
601009
603789
600426
000876
600858
603306
603989
601377
603188
600089
600780
000501
000166
600808
601158
601800
600241
000939
603899
600219
600486
601668
600315
600720
600894
600690
000776
600518
600717
000001
000783
601336
600016
000690
601788
600522
603606
600887
600050
601098
600507
000582
603288
600837
600998
603355
000550
000848
000921
600015
600030
600036
601601
600637
600585
601088
600811
601169
600755
600685
600999
600884
600261
601688
601933
601929
600761
601166
600885
600010
600655
600657
601901
603026
601186
600958
600369
601211
601939
600584
600298
600104
601998
600337
600000
000418
000002
600067
600864
600048
000656
600028
000900
601818
601398
000726
000600
600525
600064
601390
603519
600039
000019
601328
000513
600376
601988
600801
000631
603918
600246
603085
601288
601857
603223
600018
603311
600823
603166
600297
600617
601628
600959
603117
600021
603968
603300
000030
600498
000835
000975
603838
000750
603993
600383
